#01447
04040
111111111111
13478096873
1500
15043000839
1512
16509247322
пврпрпалплм
юопдрро
шггпароарпосм
оморморбjkvhh
  hgg
%%#^
^
@@$
sfhhs
111111111111
13478096873
1500
15043000839
1512
16509247322
201001439409
201027576136
2121
2312
35796612817
35796761974
37060265128
37069048451
37120670834
37122374928
37122379349
37125640668
37125670244
37258038481
37258284756
37258970788
37258970891
37368872653
37378193932
37455520356
37455520358
37491845733
37491845737
37498341317
37498341325
375255097333
375255169764
375256612939
375257698692
375292308770
375293386801
375295341719
375299432039
380504180695
380504180696
380504180697
380504877377
380632829191
380632829292
380635240052
380637846812
380672176010
380672176020
380672176030
380673557777
380686920670
380734392577
380931777772
380932432567
380932433326
380937027555
380937028111
380937028555
380951939892
380963447777
380968777777
380978003333
380979184777
380984957269
380985612954
380987853518
4147
420608417327
420773193924
420773227546
420773678451
420774649728
420775197461
420776282835
420776282924
447506755953
447624803018
447624806152
447624806153
447781470700
447781470715
447781470717
447781470730
447781470733
447781470760
447781470769
447781472370
447781472380
447781472385
447781481725
447781481797
447849423331
4915771780212
4947
4947
4984
5445
5555
6287862352297
639219987462
7150
77014799074
77015126574
77017333190
77019381234
77020474314
77025265732
77025265734
77027773690
77028003377
77029133917
77051322236
77051322238
77057160300
77057163877
77058403165
77073424879
77074909644
77076170983
77076171193
77076178936
77076178978
77076181529
77076181538
77076181574
77076181793
77076181799
77077799795
77079517777
77079558196
77473476572
77473476584
77473476586
77473476587
77473476589
77475924732
77476803643
77477811378
77478727630
77478727632
77478727641
77478727661
77479177680
77479177849
77711047014
77714927700
77715740077
77715797822
77717662006
77718551308
77718551346
77757091474
77762015718
77762323123
7777
77770076877
77770076977
77770143651
77772955554
77774391058
77776230924
77781107993
77787483377
77787683377
77789753377
7864
79000858947
79000878509
79006381959
79006588816
79006710022
79021100098
79021100099
79021100147
79021110588
79021730380
79023500085
79023500131
79023500238
79023500298
79023500330
79023500376
79023500534
79023500586
79023500672
79023500722
79023500770
79023500797
79023500850
79023500874
79023501005
79023501011
79023501043
79023501045
79023501053
79023501063
79023501092
79023501108
79023501112
79023501140
79023501204
79023501211
79023501252
79023501253
79023501321
79023501439
79023501498
79023501506
79023501551
79023501570
79023501594
79023501653
79023501701
79023501710
79023501711
79023501741
79023501773
79023501794
79023501869
79023501887
79023501896
79023501897
79023501921
79023502000
79023502030
79023502044
79023502066
79023670127
79023791777
79029934877
79029953805
79030797887
79030938839
79031111298
79031172211
79032249196
79032478845
79032478917
79032478979
79032480839
79032481196
79032511037
79032511075
79032511134
79032511175
79032511178
79032564005
79033047424
79034049801
79035000099
79035228553
79036250451
79037672162
79037672163
79037672164
79037672165
79037672168
79037672169
79037672171
79037672172
79037672173
79037672179
79037672215
79037672216
79037672217
79037672331
79037672335
79037672336
79037672338
79037672339
79037672384
79037672395
79037672396
79037672526
79037672527
79037672528
79037672529
79037672530
79037672681
79037672682
79037672686
79037672687
79037672689
79037672730
79037672780
79037672790
79037672845
79037672846
79037672847
79037672848
79037672852
79037672861
79037672862
79037672863
79037672864
79037672865
79037672925
79037672926
79037672927
79037672928
79037672931
79037672970
79037672971
79037672972
79037676000
79037676122
79037676133
79037676141
79037676144
79037676151
79037676155
79037676170
79037676171
79037676177
79037676180
79037676181
79037676240
79037676241
79037676242
79037676247
79037676248
79037676260
79037676371
79037676372
79037676374
79037676375
79037676379
79037676599
79037676612
79037676744
79037676840
79037676844
79037676850
79037676855
79037676860
79037676866
79037676877
79037676899
79037676911
79037676912
79037676913
79037676915
79037676921
79037676922
79037676941
79037676942
79037676943
79037676962
79037676964
79037676993
79037780072
79037987792
79037998703
79039004581
79039023222
79039062882
79039069595
79039302299
79039399555
79039633893
79039655293
79044947045
79044947053
79044947113
79044947213
79044947235
79044947255
79044947352
79044947387
79044947422
79044947441
79044947442
79044947457
79044947497
79044947501
79044947561
79044947591
79044947624
79044947629
79044947640
79044947662
79044947813
79044947814
79044947825
79044947932
79044947935
79044948092
79044948094
79044948114
79044948134
79044948137
79044948170
79044948314
79044948327
79044948348
79044948360
79044948390
79044948394
79044948416
79044948443
79044948478
79044948536
79044948537
79044948602
79044948633
79044948694
79044948728
79044948743
79044948763
79044948843
79044948849
79044948861
79044948865
79044948974
79044948994
79044949013
79044949069
79044949138
79044949156
79044949221
79044949231
79044949246
79044949253
79044949255
79044949261
79044949281
79044949309
79044949314
79044949354
79044949376
79044949411
79044949412
79044949416
79044949426
79044949427
79044949436
79044949461
79044949463
79044949469
79044949487
79044949578
79044949788
79044949880
79044949914
79044949946
79044950049
79044950051
79044950137
79044950160
79044950219
79044950327
79044950345
79044950357
79044950409
79044950552
79044950558
79045180230
79048255050
79049404741
79049404745
79052219614
79055217595
79055410322
79057135998
79057550000
79057866933
79058315997
79058750976
79059450109
79059457777
79060128099
79060651307
79061935045
79061954623
79061954627
79061954634
79061954673
79061954686
79061955777
79062476451
79062529936
79062570811
79063338311
79065520734
79066511037
79066511398
79066549231
79066774079
79067198783
79067359542
79067360476
79067361571
79068686845
79068686861
79084534116
79086201472
79086250150
79090648263
79090650614
79090677618
79094187289
79095310449
79096346257
79096365835
79096408060
79096499321
79096855823
79097045602
79097765197
79099237011
79099601934
79099761629
79099768341
79099887585
79100000002
79100158577
79100158654
79100158920
79100158922
79100158930
79100159083
79100159085
79100159401
79100159894
79104144205
79104173113
79104208079
79104259408
79104466278
79104659875
79104780711
79104910897
79110606010
79111264759
79111333444
79111400578
79111404851
79111924490
79111926195
79111968532
79112385449
79112506798
79112507145
79112507754
79112698707
79112889107
79117324312
79117427065
79117929021
79117967535
79117974282
79119363188
79119897102
79120816625
79123139737
79126103265
79126220645
79130062479
79131758492
79132095232
79137638116
79138977777
79139135020
79139309184
79139309329
79139315037
79139317479
79139317678
79150317256
79150750672
79150931355
79150931395
79150932455
79151323504
79152073178
79152282375
79152449625
79152634463
79152638324
79152674701
79152674716
79152692159
79152692213
79152692494
79152692780
79152870751
79153121043
79153361976
79153366940
79153449506
79153460532
79153547059
79153777774
79154053766
79154053948
79154054075
79154402379
79154957512
79154957648
79154958428
79155419613
79161001837
79161057420
79161276968
79161454977
79161763355
79162375122
79162404455
79162628509
79162629638
79162632937
79162634384
79162634492
79162634518
79162638473
79162640317
79162755996
79163369790
79163369843
79163369878
79163377737
79163422595
79164049990
79164520543
79164665669
79164739784
79164756358
79164957361
79164962481
79165038805
79165121677
79166216419
79166312677
79166456000
79166657632
79166674998
79166816813
79167268566
79167270605
79167312457
79167434238
79167635803
79167747510
79167781916
79167935427
79167935451
79167950957
79168187860
79168196181
79168205390
79168313094
79168319467
79168637139
79168877777
79168885387
79169035279
79169118742
79169159802
79169159824
79169167435
79169167609
79169168034
79169168275
79169306357
79169306359
79169306445
79169306450
79169306592
79169306661
79169306671
79169306702
79169348085
79169538078
79169621400
79169623127
79169627946
79169627991
79169628044
79169628319
79169628813
79169628816
79169628936
79169658831
79169750782
79169899726
79169903521
79169934988
79175231966
79175430469
79175430532
79175430620
79175430762
79175431055
79175450294
79175450589
79175666018
79175688597
79175842010
79175874713
79190116451
79197792103
79199489857
79200582179
79200588366
79202218082
79203921557
79204303309
79206207030
79206651643
79208779896
79214234628
79214275533
79215773310
79215926232
79216316497
79216316572
79216316578
79216316723
79216316765
79216317105
79216318004
79216442004
79217502921
79218713900
79218715985
79218880030
79218880326
79218988704
79219477541
79220224444
79220311141
79221262581
79221778397
79222182812
79222282391
79222282566
79225211432
79226200380
79227064855
79227242194
79231937662
79232562422
79236409000
79248080508
79249439471
79250111734
79250192264
79250253084
79250269183
79250282945
79250382564
79250444000
79250671244
79250843000
79250844000
79250845000
79250905168
79251185244
79251234337
79251407499
79251446840
79251502965
79251530610
79251533236
79251569413
79251783485
79252048390
79252075163
79252256456
79252295509
79252395044
79252685150
79252685230
79252685262
79252685275
79252769270
79252769303
79252769579
79252769584
79252769599
79252769607
79252769633
79253003023
79253003073
79253003503
79253030031
79253030090
79253030350
79253039033
79253122080
79253215402
79253298189
79253298394
79253414382
79253615702
79254293287
79254690653
79254690842
79254691715
79254863557
79255172333
79255553000
79255560158
79255642359
79255910021
79255952993
79256223599
79256228209
79256228712
79256242251
79256242384
79256265215
79256346995
79256354167
79256443680
79256576547
79256839118
79256839120
79256839124
79256839125
79256839416
79256839423
79256839557
79256839558
79256874358
79256953108
79256953110
79256953114
79256953117
79256953120
79257029536
79257541927
79257545332
79257750066
79258053338
79258150166
79258306589
79258306628
79258306791
79258306912
79258824380
79260275898
79260439371
79260439389
79260439836
79260439862
79260439887
79260440523
79260440659
79260440675
79260440685
79260440782
79260440837
79260840750
79261264646
79261412633
79261552145
79261903239
79261932871
79261985615
79261985719
79262173257
79262356844
79263300675
79263322777
79263360845
79263464169
79263606842
79264040912
79264742080
79265355050
79265361953
79265455845
79265743633
79266086377
79266105042
79266105545
79266581211
79266592478
79267461029
79267752338
79268571348
79268656437
79268724365
79269007551
79269202412
79269211390
79269211398
79269213434
79269300928
79269390598
79269429548
79269442507
79269458611
79269565021
79269700254
79269750205
79269751210
79270064043
79270425075
79270425512
79270482690
79272438277
79272486017
79273376760
79276840879
79284843388
79284847744
79284983377
79288561122
79288595544
79295649414
79295650831
79295650857
79295696296
79295854045
79295859819
79295859823
79296115538
79296367865
79296615589
79296617845
79296723364
79296834380
79299181744
79299228985
79299362090
79299370996
79299382617
79299385850
79299524020
79299994481
79302236375
79302747763
79302747782
79304023039
79304076014
79308113134
79310078231
79312009549
79312286867
79312287242
79312392300
79312409833
79312430703
79312440487
79312440720
79312440832
79312450103
79312809373
79312809376
79312898995
79312982465
79313353548
79313373746
79313373929
79314180757
79315906271
79319602319
79319602322
79319602326
79319602337
79319686558
79319686560
79319686561
79319686564
79319686570
79319686574
79326010101
79326114588
79375962722
79376403161
79381568167
79500237292
79501544677
79504029111
79505602269
79506666663
79511358517
79513621993
79513912777
79522298129
79522424242
79522806888
79522881755
79523977658
79523977689
79523986918
79523986931
79523987419
79523987452
79523987464
79523987761
79523987869
79523987908
79523988056
79523988062
79523988167
79523988257
79523988491
79523988517
79523988526
79523988637
79523990398
79523991042
79531457777
79531575277
79531576010
79531576855
79531582030
79531747777
79537622081
79538856648
79538893290
79581406346
79584077013
79584077015
79584077052
79584077055
79584077058
79584077107
79584077110
79584077135
79584077136
79584077148
79584663825
79584663855
79584915716
79584915721
79585889332
79585889359
79587900725
79587902488
79587902515
79587902746
79587902749
79601888963
79603056724
79603203040
79604719552
79605831365
79607912777
79607928777
79607935390
79609252538
79612159777
79612211671
79612211684
79612211695
79612211724
79612211749
79612292502
79613006070
79616697504
79618739343
79618739394
79620195768
79621593174
79621593271
79623073188
79623077376
79626813666
79627818070
79628276578
79629449966
79630508590
79632430420
79632491120
79633162422
79633162590
79633220792
79633266949
79633485773
79633487156
79634400742
79634920322
79635412042
79635482783
79636139888
79636458750
79636473327
79636696241
79637636633
79637695463
79637795043
79640564000
79642529403
79643497711
79643497754
79645041113
79645504864
79645542944
79645670786
79645827571
79645843458
79645896073
79645896153
79645899674
79645899706
79647044971
79647243835
79647693995
79647797474
79649112233
79650552101
79650936840
79651061128
79651080495
79651081309
79651231769
79651631772
79652250055
79652348353
79652596807
79652747477
79652767310
79652923345
79653010314
79653085393
79653157630
79653297544
79653409176
79653681575
79653890146
79653890154
79654209276
79655005738
79655374323
79655491947
79657972953
79658256138
79658256154
79658256247
79658256481
79658256490
79660150958
79660217616
79660219576
79660237912
79660250619
79660386534
79660581817
79660599401
79661142261
79661478840
79661576156
79661762586
79661762587
79661762589
79661762590
79661762591
79661762592
79661762593
79661762594
79663064730
79663150420
79663332551
79663556340
79667084072
79670013877
79670411236
79670555616
79670596733
79670596734
79671050603
79671147390
79671267886
79671439626
79671614714
79671702000
79672062716
79673179798
79675220125
79675522700
79675538552
79675951052
79675951057
79675951075
79675951339
79675951503
79676302826
79676330813
79678584631
79680149643
79680149644
79680280695
79680284419
79680575342
79680870090
79680979526
79681555222
79681887287
79681888284
79681888286
79681899820
79681909297
79683543861
79684132326
79684477777
79684492370
79685800192
79685800197
79685901233
79685962653
79686184772
79686513943
79687679203
79687708764
79687953018
79688086957
79688283929
79688584222
79688674598
79688718464
79689069841
79689069872
79689590438
79689978404
79691272350
79691272353
79691866463
79697129698
79697129747
79697129765
79697129766
79773018323
79807493333
79811547383
79811745506
79811902233
79816010403
79817587850
79817919170
79818880045
79818909958
79818967867
79827332968
79827332985
79827347116
79830000503
79831211360
79831264444
79831351771
79833201040
79850185934
79850216832
79850751316
79850826956
79850977937
79851263513
79851694689
79851910279
79851913536
79852070126
79852451573
79852642845
79852769033
79853038625
79853076267
79853109634
79853519155
79853816901
79853905320
79853905330
79853905348
79853905365
79853905368
79854800391
79854872296
79855103833
79855104076
79855514219
79856120534
79856121975
79856124928
79856132590
79856204244
79856822033
79857292312
79857573150
79857600585
79857989508
79858863098
79858987687
79858987736
79858987932
79859306544
79859798862
79859928301
79872262900
79875253728
79875253975
79885323925
79885910567
79891646402
79920279682
79930122938
7994
79940061913
79967656831
79967841277
79990441132
79991260189
79991267943
79992481573
79997199654
79998109709
79998175024
79998194498
79998331096
79998355339
79998436988
79998580170
79998605010
79998625851
79998679809
79998699240
79999612192
79999636385
79999659032
79999665424
79999700694
79999721378
79999797705
841217287329
900
917875912347
971559819709
994513535594
994705759713
994705759714
995574730125
996700519700
996700532700
996773328074
996777816940
998901882146
998901882453
79958146052
79958146053
79958146054
79958146055
79958146056
79958146057
79958146058
79958146059
79958146061
79958146062
79958146063
79958146064
79958146065
79958146066
79958146067
79958146068
79958146069
79958146070
79958146071
79958146072
79958146073
79958146074
79958146075
79958146076
79958146077
79958146078
79958146079
79958146080
79958146081
79958146082
79958146083
79958146084
79958146085
79958146086
79958146087
79958146088
79958146089
79958146090
79958146091
79958146092
79958146093
79958146094
79958146095
79958146096
79958146097
79958146098
79958146099
79958146100
79958146101
79958146102
79958146103
79958146104
79958146105
79958146106
79958146107
79958146108
79958146109
79958146110
79958146112
79958146113
79958146114
79958146115
79958146117
79958146118
79958146119
79958146120
79958146121
79958146122
79958146123
79958146124
79958146125
79958146126
79958146127
79958146128
79958146129
79958146130
79958146131
79958146132
79958146133
79958146134
79958146135
79958146136
79958146137
79958146138
79958146139
79958146140
79958146142
79958146143
79958146144
79958146145
79958146146
79958146147
79958146148
79958146149
79958146150
79958146151
79958146152
79958146153
79958146154
79958146155
79958146156
79958146157
79958146158
79958146159
79958146160
79958146162
79958146163
79958146164
79958146165
79958146166
79958146167
79958146168
79958146169
79958146170
79958146171
79958146172
79958146173
79958146174
79958146175
79958146176
79958146177
79958146178
79958146179
79958146180
79958146181
79958146182
79958146183
79958146184
79958146185
79958146186
79958146187
79958146188
79958146189
79958146190
79958146191
79958146192
79958146193
79958146194
79958146195
79958146196
79958146197
79958146198
79958146199
79958146200
79958146201
79958146202
79958146203
79958146204
79958146205
79958146206
79958146207
79958146208
79958146209
79958146210
79958146211
79958146212
79958146213
79958146214
79958146215
79958146216
79958146217
79958146218
79958146219
79958146220
79958146221
79958146223
79958146224
79958146225
79958146227
79958146228
79958146229
79958146230
79958146231
79958146232
79958146233
79958146234
79958146235
79958146236
79958146237
79958146238
79958146239
79958146240
79958146241
79958146242
79958146243
79958146244
79958146245
79958146246
79958146247
79958146248
79958146249
79958146250
79958146251
79958146252
79958146253
79958146254
79958146255
79958146256
79958146257
79958146258
79958146259
79958146260
79958146261
79958146263
79958146264
79958146265
79958146266
79958146267
79958146268
79958146269
79958146270
79958146271
79958146272
79958146273
79958146274
79958146275
79958146276
79958146277
79958146278
79958146279
79958146280
79958146281
79958146282
79958146283
79958146284
79958146285
79958146286
79958146287
79958146288
79958146289
79958146290
79958146291
79958146292
79958146293
79958146294
79958146295
79958146296
79958146297
79958146298
79958146299
79958146300
79958146301
79958146302
79958146303
79958146304
79958146305
79958146306
79958146307
79958146308
79958146309
79958146310
79958146311
79958146312
79958146313
79958146314
79958146315
79958146316
79958146317
79958146318
79958146319
79958146320
79958146321
79958146322
79958146323
79958146324
79958146325
79958146326
79958146327
79958146328
79958146329
79958146330
79958146331
79958146332
79958146334
79958146335
79958146337
79958146338
79958146339
79958146340
79958146341
79958146342
79958146343
79958146344
79958146345
79958146346
79958146347
79958146348
79958146349
79958146350
79958146351
79958146352
79958146353
79958146354
79958146355
79958146356
79958146357
79958146358
79958146359
79958146360
79958146361
79958146362
79958146364
79958146365
79958146366
79958146367
79958146368
79958146369
79958146370
79958146371
79958146372
79958146373
79958146374
79958146375
79958146376
79958146377
79958146378
79958146379
79958146380
79958146381
79958146382
79958146383
79958146384
79958146385
79958146386
79958146387
79958146388
79958146389
79958146390
79958146391
79958146392
79958146393
79958146394
79958146395
79958146396
79958146397
79958146398
79958146399
79958146400
79958146401
79958146402
79958146403
79958146404
79958146405
79958146406
79958146407
79958146408
79958146409
79958146410
79958146411
79958146412
79958146413
79958146414
79958146415
79958146416
79958146417
79958146418
79958146419
79958146420
79958146421
79958146422
79958146423
79958146424
79958146425
79958146426
79958146427
79958146428
79958146429
79958146430
79958146431
79958146432
79958146433
79958146434
79958146435
79958146436
79958146437
79958146438
79958146439
79958146440
79958146441
79958146442
79958146443
79958146445
79958146447
79958146448
79958146449
79958146450
79958146451
79958146452
79958146453
79958146454
79958146455
79958146456
79958146457
79958146458
79958146459
79958146460
79958146461
79958146462
79958146463
79958146465
79958146466
79958146467
79958146468
79958146469
79958146470
79958146471
79958146472
79958146473
79958146474
79958146475
79958146476
79958146477
79958146478
79958146479
79958146480
79958146481
79958146482
79958146483
79958146484
79958146485
79958146486
79958146487
79958146488
79958146489
79958146490
79958146491
79958146492
79958146493
79958146494
79958146495
79958146496
79958146497
79958146498
79958146499
79958146500
79958146501
79958146502
79958146503
79958146504
79958146505
79958146506
79958146507
79958146508
79958146509
79958146510
79958146511
79958146512
79958146513
79958146514
79958146515
79958146516
79958146517
79958146518
79958146519
79958146520
79958146521
79958146522
79958146523
79958146524
79958146525
79958146526
79958146527
79958146528
79958146529
79958146530
79958146531
79958146532
79958146533
79958146534
79958146535
79958146536
79958146537
79958146538
79958146539
79958146540
79958146541
79958146542
79958146543
79958146544
79958146545
79958146546
79958146547
79958146548
79958146549
79958146550
79958146551
79958146552
79958146553
79958146554
79958146557
79958146558
79958146559
79958146560
79958146561
79958146562
79958146563
79958146564
79958146566
79958146567
79958146568
79958146569
79958146570
79958146571
79958146572
79958146573
79958146574
79958146575
79958146576
79958146577
79958146578
79958146579
79958146580
79958146581
79958146582
79958146583
79958146584
79958146585
79958146586
79958146587
79958146588
79958146589
79958146590
79958146591
79958146592
79958146593
79958146594
79958146595
79958146596
79958146597
79958146598
79958146599
79958146601
79958146602
79958146603
79958146604
79958146605
79958146606
79958146607
79958146608
79958146609
79958146610
79958146612
79958146613
79958146614
79958146615
79958146616
79958146617
79958146618
79958146619
79958146620
79958146621
79958146623
79958146624
79958146625
79958146626
79958146627
79958146628
79958146629
79958146630
79958146631
79958146632
79958146634
79958146635
79958146636
79958146637
79958146638
79958146639
79958146640
79958146641
79958146642
79958146643
79958146645
79958146646
79958146647
79958146648
79958146649
79958146650
79958146651
79958146652
79958146653
79958146654
79958146656
79958146657
79958146658
79958146659
79958146670
79958146671
79958146672
79958146673
79958146674
79958146675
79958146676
79958146678
79958146679
79958146680
79958146681
79958146682
79958146683
79958146684
79958146685
79958146686
79958146687
79958146689
79958146690
79958146691
79958146692
79958146693
79958146694
79958146695
79958146696
79958146697
79958146698
79958146700
79958146701
79958146702
79958146703
79958146704
79958146705
79958146706
79958146707
79958146708
79958146709
79958146710
79958146711
79958146712
79958146713
79958146714
79958146715
79958146716
79958146717
79958146718
79958146719
79958146720
79958146721
79958146722
79958146723
79958146724
79958146725
79958146726
79958146727
79958146728
79958146729
79958146730
79958146731
79958146732
79958146733
79958146734
79958146735
79958146736
79958146737
79958146738
79958146739
79958146740
79958146741
79958146742
79958146743
79958146744
79958146745
79958146746
79958146747
79958146748
79958146749
79958146750
79958146751
79958146752
79958146753
79958146754
79958146755
79958146756
79958146757
79958146758
79958146759
79958146760
79958146761
79958146762
79958146763
79958146764
79958146765
79958146766
79958146768
79958146769
79958146770
79958146771
79958146772
79958146773
79958146774
79958146775
79958146778
79958146779
79958146780
79958146781
79958146782
79958146783
79958146784
79958146785
79958146786
79958146787
79958146788
79958146789
79958146790
79958146791
79958146792
79958146793
79958146794
79958146795
79958146796
79958146797
79958146798
79958146799
79958146800
79958146801
79958146802
79958146803
79958146804
79958146805
79958146806
79958146807
79958146808
79958146809
79958146810
79958146812
79958146813
79958146815
79958146816
79958146817
79958146818
79958146819
79958146820
79958146821
79958146822
79958146823
79958146824
79958146825
79958146826
79958146827
79958146828
79958146829
79958146830
79958146831
79958146832
79958146833
79958146834
79958146835
79958146836
79958146837
79958146838
79958146839
79958146840
79958146841
79958146842
79958146843
79958146844
79958146845
79958146846
79958146847
79958146848
79958146849
79958146850
79958146851
79958146852
79958146853
79958146854
79958146855
79958146856
79958146857
79958146858
79958146859
79958146860
79958146861
79958146862
79958146863
79958146864
79958146865
79958146866
79958146867
79958146868
79958146869
79958146870
79958146871
79958146872
79958146873
79958146874
79958146875
79958146876
79958146877
79958146878
79958146879
79958146880
79958146881
79958146882
79958146883
79958146884
79958146885
79958146887
79958146889
79958146890
79958146891
79958146892
79958146893
79958146894
79958146895
79958146896
79958146897
79958146898
79958146899
79958146900
79958146901
79958146902
79958146903
79958146904
79958146905
79958146906
79958146907
79958146908
79958146909
79958146910
79958146911
79958146912
79958146913
79958146914
79958146915
79958146916
79958146917
79958146918
79958146919
79958146920
79958146921
79958146922
79958146923
79958146924
79958146925
79958146926
79958146927
79958146928
79958146929
79958146930
79958146931
79958146932
79958146933
79958146934
79958146935
79958146936
79958146937
79958146938
79958146939
79958146940
79958146941
79958146942
79958146943
79958146944
79958146945
79958146946
79958146947
79958146948
79958146949
79958146950
79958146951
79958146952
79958146953
79958146954
79958146955
79958146956
79958146957
79958146958
79958146959
79958146960
79958146961
79958146962
79958146963
79958146964
79958146965
79958146966
79958146967
79958146968
79958146970
79958146971
79958146972
79958146973
79958146974
79958146975
79958146976
79958146977
79958146978
79958146979
79958146980
79958146981
79958146982
79958146983
79958146984
79958146985
79958146986
79958146987
79958146988
79958146989
79958146990
79958146991
79958146992
79958146993
79958146994
79958146995
79958146997
79958146998
79958147001
79958147002
79958147003
79958147004
79958147005
79958147006
79958147008
79958147009
79958147010
79958147011
79958147012
79958147013
79958147014
79958147015
79958147016
79958147017
79958147018
79958147019
79958147020
79958147021
79958147022
79958147023
79958147024
79958147025
79958147026
79958147027
79958147028
79958147029
79958147030
79958147031
79958147032
79958147033
79958147034
79958147035
79958147036
79958147037
79958147038
79958147039
79958147040
79958147041
79958147042
79958147043
79958147044
79958147045
79958147046
79958147047
79958147048
79958147049
79958147050
79958147051
79958147052
79958147053
79958147054
79958147055
79958147056
79958147057
79958147058
79958147059
79958147060
79958147061
79958147062
79958147063
79958147064
79958147065
79958147066
79958147067
79958147068
79958147069
79958147071
79958147072
79958147073
79958147074
79958147075
79958147076
79958147077
79958147078
79958147079
79958147080
79958147081
79958147082
79958147083
79958147084
79958147085
79958147086
79958147087
79958147088
79958147089
79958147090
79958147091
79958147092
79958147093
79958147094
79958147095
79958147096
79958147097
79958147098
79958147099
79958147101
79958145001
79958145002
79958145003
79958145004
79958145006
79958145007
79958145008
79958145009
79958145010
79958145011
79958145012
79958145013
79958145014
79958145015
79958145016
79958145017
79958145018
79958145019
79958145020
79958145021
79958145022
79958145023
79958145024
79958145025
79958145026
79958145027
79958145028
79958145029
79958145030
79958145031
79958145032
79958145033
79958145034
79958145035
79958145036
79958145037
79958145038
79958145039
79958145040
79958145041
79958145042
79958145043
79958145044
79958145045
79958145046
79958145047
79958145048
79958145049
79958145051
79958145052
79958145053
79958145054
79958145055
79958145056
79958145057
79958145058
79958145059
79958145060
79958145061
79958145062
79958145063
79958145064
79958145065
79958145066
79958145067
79958145068
79958145069
79958145070
79958145071
79958145072
79958145073
79958145074
79958145075
79958145076
79958145077
79958145078
79958145079
79958145080
79958145081
79958145082
79958145083
79958145084
79958145085
79958145086
79958145087
79958145088
79958145089
79958145090
79958145091
79958145092
79958145093
79958145094
79958145095
79958145096
79958145097
79958145098
79958145099
79958145100
79958145101
79958145102
79958145103
79958145104
79958145105
79958145106
79958145107
79958145108
79958145109
79958145110
79958145112
79958145113
79958145114
79958145116
79958145117
79958145118
79958145119
79958145120
79958145121
79958145122
79958145123
79958145124
79958145125
79958145126
79958145127
79958145128
79958145129
79958145130
79958145131
79958145132
79958145133
79958145134
79958145135
79958145136
79958145137
79958145138
79958145139
79958145140
79958145142
79958145143
79958145144
79958145145
79958145146
79958145147
79958145148
79958145149
79958145150
79958145152
79958145153
79958145154
79958145155
79958145156
79958145157
79958145158
79958145159
79958145160
79958145161
79958145162
79958145163
79958145164
79958145165
79958145166
79958145167
79958145168
79958145169
79958145170
79958145171
79958145172
79958145173
79958145174
79958145175
79958145176
79958145177
79958145178
79958145179
79958145180
79958145181
79958145182
79958145183
79958145184
79958145185
79958145186
79958145187
79958145188
79958145189
79958145190
79958145191
79958145192
79958145193
79958145194
79958145195
79958145196
79958145197
79958145198
79958145199
79958145200
79958145201
79958145202
79958145203
79958145204
79958145205
79958145206
79958145207
79958145208
79958145209
79958145210
79958145211
79958145212
79958145213
79958145214
79958145215
79958145216
79958145217
79958145218
79958145219
79958145220
79958145221
79958145223
79958145224
79958145226
79958145227
79958145228
79958145229
79958145230
79958145231
79958145232
79958145233
79958145234
79958145235
79958145236
79958145237
79958145238
79958145239
79958145240
79958145241
79958145242
79958145243
79958145244
79958145245
79958145246
79958145247
79958145248
79958145249
79958145250
79958145251
79958145253
79958145254
79958145255
79958145256
79958145257
79958145258
79958145259
79958145260
79958145261
79958145262
79958145263
79958145264
79958145265
79958145266
79958145267
79958145268
79958145269
79958145270
79958145271
79958145272
79958145273
79958145274
79958145275
79958145276
79958145277
79958145278
79958145279
79958145280
79958145281
79958145282
79958145283
79958145284
79958145285
79958145286
79958145287
79958145288
79958145289
79958145290
79958145291
79958145292
79958145293
79958145294
79958145295
79958145296
79958145297
79958145298
79958145299
79958145300
79958145301
79958145302
79958145303
79958145304
79958145305
79958145306
79958145307
79958145308
79958145309
79958145310
79958145311
79958145312
79958145313
79958145314
79958145315
79958145316
79958145317
79958145318
79958145319
79958145320
79958145321
79958145322
79958145323
79958145324
79958145325
79958145326
79958145327
79958145328
79958145329
79958145330
79958145331
79958145332
79958145334
79958145336
79958145337
79958145338
79958145339
79958145340
79958145341
79958145342
79958145343
79958145344
79958145345
79958145346
79958145347
79958145348
79958145349
79958145350
79958145351
79958145352
79958145354
79958145355
79958145356
79958145357
79958145358
79958145359
79958145360
79958145361
79958145362
79958145363
79958145364
79958145365
79958145366
79958145367
79958145368
79958145369
79958145370
79958145371
79958145372
79958145373
79958145374
79958145375
79958145376
79958145377
79958145378
79958145379
79958145380
79958145381
79958145382
79958145383
79958145384
79958145385
79958145386
79958145387
79958145388
79958145389
79958145390
79958145391
79958145392
79958145393
79958145394
79958145395
79958145396
79958145397
79958145398
79958145399
79958145400
79958145401
79958145402
79958145403
79958145404
79958145405
79958145406
79958145407
79958145408
79958145409
79958145410
79958145411
79958145412
79958145413
79958145414
79958145415
79958145416
79958145417
79958145418
79958145419
79958145420
79958145421
79958145422
79958145423
79958145424
79958145425
79958145426
79958145427
79958145428
79958145429
79958145430
79958145431
79958145432
79958145433
79958145434
79958145435
79958145436
79958145437
79958145438
79958145439
79958145440
79958145441
79958145442
79958145443
79958145446
79958145447
79958145448
79958145449
79958145450
79958145451
79958145452
79958145453
79958145455
79958145456
79958145457
79958145458
79958145459
79958145460
79958145461
79958145462
79958145463
79958145464
79958145465
79958145466
79958145467
79958145468
79958145469
79958145470
79958145471
79958145472
79958145473
79958145474
79958145475
79958145476
79958145477
79958145478
79958145479
79958145480
79958145481
79958145482
79958145483
79958145484
79958145485
79958145486
79958145487
79958145488
79958145489
79958145490
79958145491
79958145492
79958145493
79958145494
79958145495
79958145496
79958145497
79958145498
79958145499
79958145501
79958145502
79958145503
79958145504
79958145506
79958145507
79958145508
79958145509
79958145510
79958145512
79958145513
79958145514
79958145516
79958145517
79958145518
79958145519
79958145520
79958145521
79958145523
79958145524
79958145525
79958145526
79958145527
79958145528
79958145529
79958145530
79958145531
79958145532
79958145534
79958145535
79958145536
79958145537
79958145538
79958145539
79958145540
79958145541
79958145542
79958145543
79958145545
79958145546
79958145547
79958145548
79958145549
79958145560
79958145561
79958145562
79958145563
79958145564
79958145565
79958145567
79958145568
79958145569
79958145570
79958145571
79958145572
79958145573
79958145574
79958145575
79958145576
79958145578
79958145579
79958145580
79958145581
79958145582
79958145583
79958145584
79958145585
79958145586
79958145587
79958145589
79958145590
79958145591
79958145592
79958145593
79958145594
79958145595
79958145596
79958145597
79958145598
79958145600
79958145601
79958145602
79958145603
79958145604
79958145605
79958145606
79958145607
79958145608
79958145609
79958145610
79958145611
79958145612
79958145613
79958145614
79958145615
79958145616
79958145617
79958145618
79958145619
79958145620
79958145621
79958145622
79958145623
79958145624
79958145625
79958145626
79958145627
79958145628
79958145629
79958145630
79958145631
79958145632
79958145633
79958145634
79958145635
79958145636
79958145637
79958145638
79958145639
79958145640
79958145641
79958145642
79958145643
79958145644
79958145645
79958145646
79958145647
79958145648
79958145649
79958145650
79958145651
79958145652
79958145653
79958145654
79958145655
79958145657
79958145658
79958145659
79958145660
79958145661
79958145662
79958145663
79958145664
79958145667
79958145668
79958145669
79958145670
79958145671
79958145672
79958145673
79958145674
79958145675
79958145676
79958145677
79958145678
79958145679
79958145680
79958145681
79958145682
79958145683
79958145684
79958145685
79958145686
79958145687
79958145688
79958145689
79958145690
79958145691
79958145692
79958145693
79958145694
79958145695
79958145696
79958145697
79958145698
79958145699
79958145700
79958145701
79958145702
79958145703
79958145704
79958145705
79958145706
79958145707
79958145708
79958145709
79958145710
79958145711
79958145712
79958145713
79958145714
79958145715
79958145716
79958145717
79958145718
79958145719
79958145720
79958145721
79958145722
79958145723
79958145724
79958145725
79958145726
79958145727
79958145728
79958145729
79958145730
79958145731
79958145732
79958145733
79958145734
79958145735
79958145736
79958145737
79958145738
79958145739
79958145740
79958145741
79958145742
79958145743
79958145744
79958145745
79958145746
79958145747
79958145748
79958145749
79958145750
79958145751
79958145752
79958145753
79958145754
79958145755
79958145756
79958145758
79958145759
79958145760
79958145761
79958145762
79958145763
79958145764
79958145765
79958145766
79958145767
79958145768
79958145769
79958145770
79958145771
79958145772
79958145773
79958145774
79958145776
79958145778
79958145779
79958145780
79958145781
79958145782
79958145783
79958145784
79958145785
79958145786
79958145787
79958145788
79958145789
79958145790
79958145791
79958145792
79958145793
79958145794
79958145795
79958145796
79958145797
79958145798
79958145799
79958145800
79958145801
79958145802
79958145803
79958145804
79958145805
79958145806
79958145807
79958145808
79958145809
79958145810
79958145812
79958145813
79958145815
79958145816
79958145817
79958145818
79958145819
79958145820
79958145821
79958145822
79958145823
79958145824
79958145825
79958145826
79958145827
79958145828
79958145829
79958145830
79958145831
79958145832
79958145833
79958145834
79958145835
79958145836
79958145837
79958145838
79958145839
79958145840
79958145841
79958145842
79958145843
79958145844
79958145845
79958145846
79958145847
79958145848
79958145849
79958145850
79958145851
79958145852
79958145853
79958145854
79958145855
79958145856
79958145857
79958145859
79958145860
79958145861
79958145862
79958145863
79958145864
79958145865
79958145866
79958145867
79958145868
79958145869
79958145870
79958145871
79958145872
79958145873
79958145874
79958145875
79958145876
79958145877
79958145878
79958145879
79958145880
79958145881
79958145882
79958145883
79958145884
79958145885
79958145886
79958145887
79958145889
79958145890
79958145891
79958145892
79958145893
79958145894
79958145895
79958145896
79958145897
79958145898
79958145899
79958145900
79958145901
79958145902
79958145903
79958145904
79958145905
79958145906
79958145907
79958145908
79958145909
79958145910
79958145911
79958145912
79958145913
79958145914
79958145915
79958145916
79958145917
79958145918
79958145919
79958145920
79958145921
79958145922
79958145923
79958145924
79958145925
79958145926
79958145927
79958145928
79958145929
79958145930
79958145931
79958145932
79958145933
79958145934
79958145935
79958145936
79958145937
79958145938
79958145939
79958145940
79958145941
79958145942
79958145943
79958145944
79958145945
79958145946
79958145947
79958145948
79958145949
79958145950
79958145951
79958145952
79958145953
79958145954
79958145955
79958145956
79958145957
79958145958
79958145960
79958145961
79958145962
79958145963
79958145964
79958145965
79958145966
79958145967
79958145968
79958145969
79958145970
79958145971
79958145972
79958145973
79958145974
79958145975
79958145976
79958145977
79958145978
79958145979
79958145980
79958145981
79958145982
79958145983
79958145984
79958145985
79958145986
79958145987
79958145988
79958145989
79958145990
79958145991
79958145992
79958145993
79958145994
79958145996
79958145997
79958145998
79958146001
79958146002
79958146003
79958146004
79958146005
79958146007
79958146008
79958146009
79958146010
79958146011
79958146012
79958146013
79958146014
79958146015
79958146016
79958146017
79958146018
79958146019
79958146020
79958146021
79958146022
79958146023
79958146024
79958146025
79958146026
79958146027
79958146045
79958146028
79958146029
79958146030
79958146031
79958146032
79958146033
79958146034
79958146035
79958146036
79958146037
79958146038
79958146039
79958146040
79958146041
79958146042
79958146043
79958146044
79958146045
79958146045
79958146045
79958146045
79958146045
